80 112
5
2 1
8 2
100 0
87 1
2 79
4 7
1000100000000000000001011000000000001111111111111110000000000000000000000000000111111100000000000000011000000000
1000000000000000000011000000000000001111111111111111100000000000000000000000000111111111111100000000000000000000
1111110000000000000000000000000000000001111111111111000000000000000000000000001111111110000000000000000000001111
1111111111111111000000000000000000000000000000000000000000000000000000000111111111100000000000000000000000000001
1111111110000000000000000000001111111111111111111110000000000000001111111111111111110000000000000000000000000111
1111111111111111111111111000000000000000000000000000000000000000000000000111111111111111100000000000000000111111
1111111110000000000000000000000000000000000000000000000000000000000000000000011111111000000000000000000000000000
0000000000000000000000000000000000000000000000000000000000000000000000000000000000000000000000000000000000000000
0000000000000000000000000000000000000000000000000000000000000000000000000000000000000000000000000000000000000000
1111111111111111111111111111111111111111111111111110000000000000000000000000000000000000000000000000000000000000
1111111111111111111111111111111111111111111111111110000000000000000000000000000000000000000000000000000000000000
1111111111111111111111111111111111111111111111111110000000000000000000000000000000000000000000000000000000000000
1111111111111111111111111111111111111111111111111110000000000000000000000000000000000000000000000000000000000000
1111111111111111111111111111111111111111111111111110000000000000000000000000000000000000000000000000000000000000
1111111111111111111111111111111111111111111111111110000000000000000000000000000000000000000000000000000000000000
1111111111111111111111111111111111111111111111111110000000000000000000000000000000000000000000000000000000000000
1111111111111111111111111111111111111111111111111110000000000000000000000000000000000000000000000000000000000000
1111111111111111111111111111111111111111111111111110000000000000000000000000000000000000000000000000000000000000
1111111111111111111111111111111111111111111111111110000000000000000000000000000000000000000000000000000000000000
1111111111111111111111111111111111111111111111111110000000000000000000000000000000000000000000000000000000000000
1111111111111111111111111111111111111111111111111110000000000000000000000000000000000000000000000000000000000000
1111111111111111111111111111111111111111111111111110000000000000000000000000000000000000000000000000000000000000
1111111111111111111111111111111111111111111111111110000000000000000000000000000000000000000000000000000000000000
1111111111111111111111111111111111111111111111111110000000000000000000000000000000000000000000000000000000000000
1111111111111111111111111111111111111111111111111110000000000000000000000000000000000000000000000000000000000000
0000000000000000000000000000000000000000000000000000000000000000000000000111111111111111111111111111111111111111
0000000000000000000000000000000000000000000000000000000000000000000000000111111111111111111111111111111111111111
0000000000000000000000000000000000000000000000000000000000000000000000000111111111111111111111111111111111111111
0000000000000000000000000000000000000000000000000000000000000000000000000111111111111111111111111111111111111111
0000000000000000000000000000000000000000000000000000000000000000000000000111111111111111111111111111111111111111
0000000000000000000000000000000000000000000000000000000000000000000000000111111111111111111111111111111111111111
0000000000000000000000000000000000000000000000000000000000000000000000000111111111111111111111111111111111111111
0000000000000000000000000000000000000000000000000000000000000000000000000111111111111111111111111111111111111111
0000000000000000000000000000000000000000000000000000000000000000000000000111111111111111111111111111111111111111
0000000000000000000000000000000000000000000000000000000000000000000000000111111111111111111111111111111111111111
0000000000000000000000000000000000000000000000000000000000000000000000000111111111111111111111111111111111111111
0000000000000000000000000000000000000000000000000000000000000000000000000111111111111111111111111111111111111111
0000000000000000000000000000000000000000000000000000000000000000000000000111111111111111111111111111111111111111
0000000000000000000000000000000000000000000000000000000000000000000000000111111111111111111111111111111111111111
0000000000000000000000000000000000000000000000000000000000000000000000000111111111111111111111111111111111111111
0000000000000000000000000000000000000000000000000000000000000000000000000111111111111111111111111111111111111111
0000000000000000000000000000000000000000000000000000000000000000000000000111111111111111111111111111111111111111
0000000000000000000000000000000000000000000000000000000000000000000000000111111111111111111111111111111111111111
0000000000000000000000000000000000000000000000000000000000000000000000000111111111111111111111111111111111111111
0000000000000000000000000000000000000000000000000000000000000000000000000111111111111111111111111111111111111111
0000000000000000000000000000000000000000000000000000000000000000000000000111111111111111111111111111111111111111
0000000000000000000000000000000000000000000000000000000000000000000000000111111111111111111111111111111111111111
0000000000000000000000000000000000000000000000000000000000000000000000000111111111111111111111111111111111111111
0000000000000000000000000000000000000000000000000000000000000000000000000111111111111111111111111111111111111111
0000000000000000000000000000000000000000000000000000000000000000000000000111111111111111111111111111111111111111
0000000000000000000000000000000000000000000000000000000000000000000000000111111111111111111111111111111111111111
0000000000000000000000000000000000000000000000000000000000000000000000000111111111111111111111111111111111111111
0000000000000000000000000000000000000000000000000000000000000000000000000111111111111111111111111111111111111111
0000000000000000000000000000000000000000000000000000000000000000000000000111111111111111111111111111111111111111
0000000000000000000000000000000000000000000000000000000000000000000000000111111111111111111111111111111111111111
0000000000000000000000000000000000000000000000000000000000000000000000000111111111111111111111111111111111111111
0000000000000000000000000000000000000000000000000000000000000000000000000111111111111111111111111111111111111111
0000000000000000000000000000000000111111111111111111100000000000000000000000000000000000000000000000000000000000
0000000000000000000000000000000000111111111111111111100000000000000000000000000000000000000000000000000000000000
0000000000000000000000000000000000111111111111111111100000000000000000000000000000000000000000000000000000000000
0000000000000000000000000000000000111111111111111111100000000000000000000000000000000000000000000000000000000000
0000000000000000000000000000000000111111111111111111100000000000000000000000000000000000000000000000000000000000
0000000000000000000000000000000000111111111111111111100000000000000000000000000000000000000000000000000000000000
0000000000000000000000000000000000111111111111111111100000000000000000000000000000000000000000000000000000000000
0000000000000000000000000000000000111111111111111111100000000000000000000000000000000000000000000000000000000000
0000000000000000000000000000000000111111111111111111100000000000000000000000000000000000000000000000000000000000
0000000000000000000000000000000000111111111111111111100000000000000000000000000000000000000000000000000000000000
0000000000000000000000000000000000111111111111111111100000000000000000000000000000000000000000000000000000000000
0000000000000000000000000000000000111111111111111111100000000000000000000000000000000000000000000000000000000000
0000000000000000000000000000000000111111111111111111100000000000000000000000000000000000000000000000000000000000
0000000000000000000000000000000000111111111111111111100000000000000000000000000000000000000000000000000000000000
0000000000000000000000000000000000111111111111111111100000000000000000000000000000000000000000000000000000000000
0000000000000000000000000000000000111111111111111111100000000000000000000000000000000000000000000000000000000000
0000000000000000000000000000000000111111111111111111100000000000000000000000000000000000000000000000000000000000
0000000000000000000000000000000000111111111111111111100000000000000000000000000000000000000000000000000000000000
0000000000000000000000000000000000111111111111111111100000000000000000000000000000000000000000000000000000000000
0000000000000000000000000000000000111111111111111111100000000000000000000000000000000000000000000000000000000000
0000000000000000000000000000000000111111111111111111100000000000000000000000000000000000000000000000000000000000
0000000000000000000000000000000000111111111111111111100000000000000000000000000000000000000000000000000000000000
0000000000000000000000000000000000111111111111111111100000000000000000000000000000000000000000000000000000000000